Img 0
0,877899,877899,877899,877899,
1,877899,877899,877899,877897,
2,877897,877897,877898,877893,
3,877892,877892,877893,877887,
4,877892,877891,877892,877883,
5,877889,877887,877889,877874,
6,877883,877882,877884,877865,
7,877881,877881,877883,877847,
8,877880,877878,877880,877793,
9,877876,877875,877876,877723,
10,877873,877873,877875,877663,
11,877872,877858,877874,877624,
12,877869,877706,877872,877571,
13,877867,876992,877869,877402,
14,877864,874615,877866,877009,
15,877861,871520,877864,876424,
16,877857,868852,877859,875623,
17,877854,866197,877857,874789,
18,877851,864099,877854,874188,
19,877848,862433,877851,873806,
20,877846,861217,877849,873522,
21,877843,860210,877847,873216,
22,877840,859176,877843,872850,
23,877837,857973,877843,872514,
24,877835,856547,877838,872229,
25,877832,855689,877835,871920,
26,877829,855146,877833,871600,
27,877825,854610,877828,871277,
28,877823,854171,877827,870832,
29,877819,853755,877825,870261,
30,877816,853349,877822,869406,
31,877814,853032,877819,868286,
32,877812,852640,877816,866520,
33,877809,852279,877803,865488,
34,877808,851853,877760,864478,
35,877806,851473,877653,863627,
36,877804,851126,877529,862815,
37,877803,850739,877388,862021,
38,877798,850372,877194,861275,
39,877796,850060,877003,860592,
40,877794,849690,876810,859907,
41,877793,849316,876651,859228,
42,877793,848951,876469,858534,
43,877789,848591,876304,857866,
44,877786,848210,876136,857214,
45,877784,847838,875959,856572,
46,877781,847489,875803,855946,
47,877780,847125,875639,855321,
48,877778,846741,875461,854718,
49,877777,846315,875311,854122,
50,877775,845892,875144,853478,
51,877772,845411,874981,852917,
52,877771,844918,874841,852349,
53,877766,844390,874677,851770,
54,877765,843891,874523,851208,
55,877762,843391,874373,850651,
56,877760,842846,874209,850088,
57,877759,842256,874056,849537,
58,877757,841594,873904,848937,
59,877754,840894,873734,848327,
60,877749,840231,873560,847715,
61,877743,839455,873400,847080,
62,877732,838642,873228,846385,
63,877719,837722,873056,845667,
64,877705,836716,872880,844861,
65,877681,835765,872703,843975,
66,877634,834525,872521,843000,
67,877561,832837,872334,841942,
68,877432,830811,872102,840745,
69,877200,828434,871800,839583,
70,876788,826218,871404,838463,
71,876247,823691,870912,837340,
72,875525,821087,870341,836135,
73,874588,818311,869656,834951,
74,873552,815279,869010,833647,
75,872291,811665,868435,832180,
76,870916,807570,867821,830577,
77,869400,803416,867110,828774,
78,867738,799249,866211,826975,
79,866017,794532,865177,825011,
80,864170,789216,863805,822894,
81,862021,782966,862280,820509,
82,859480,775885,860454,817594,
83,856562,768034,858261,813867,
84,852912,758904,855574,809116,
85,848529,748676,852527,803083,
86,843226,737607,849139,794344,
87,836612,726655,845195,780961,
88,828058,716692,840649,765011,
89,817361,707329,834979,748004,
90,803756,697635,828503,732077,
91,787703,686767,821125,720605,
92,770158,673403,812352,710100,
93,751290,656538,801563,699414,
94,731095,636470,787862,686455,
95,708224,613570,771263,670645,
96,682593,589733,752470,651987,
97,655862,564773,732136,630531,
98,627809,539203,711550,609953,
99,599858,514040,688980,590583,
100,573936,488987,665887,569685,
101,548895,466039,642177,549476,
102,519612,444259,615716,526684,
103,487736,421559,587333,500495,
104,456985,394908,560519,470470,
105,425398,365456,534237,439171,
106,386948,330179,506494,406107,
107,342618,292050,476307,374987,
108,293564,251909,440961,343881,
109,247518,214310,402823,312304,
110,206986,176132,365461,278690,
111,174359,137329,330256,246260,
112,145094,105194,297121,213687,
113,119327,80972,263220,184011,
114,92772,60553,232025,155655,
115,67386,43940,200449,126560,
116,45133,29196,171456,100701,
117,27448,18531,146607,75180,
118,16823,12665,123465,51090,
119,11677,11050,102991,32187,
120,10385,10272,82738,19953,
121,10025,9906,65638,15500,
122,9750,9572,49259,13789,
123,9482,9267,41069,12806,
124,9210,8957,35574,12424,
125,8917,8676,30749,12102,
126,8626,8370,26347,11825,
127,8361,8086,23146,11554,
128,8120,7767,21539,11281,
129,7830,7416,20821,10978,
130,7522,7087,20167,10685,
131,7214,6718,19599,10405,
132,6884,6354,18998,10072,
133,6558,5963,18466,9742,
134,6228,5616,17913,9409,
135,5880,5314,17302,9049,
136,5525,5027,16740,8719,
137,5175,4751,16257,8405,
138,4810,4481,15772,8072,
139,4488,4176,15292,7707,
140,4196,3907,14819,7357,
141,3942,3653,14343,7020,
142,3694,3319,13918,6690,
143,3463,3009,13430,6356,
144,3246,2712,12979,6079,
145,3025,2439,12559,5780,
146,2832,2218,12109,5482,
147,2655,2019,11663,5196,
148,2483,1845,11233,4912,
149,2325,1655,10814,4602,
150,2165,1476,10390,4312,
151,2014,1323,9928,4016,
152,1851,1163,9458,3696,
153,1719,1042,9026,3385,
154,1564,933,8566,3023,
155,1441,836,8096,2659,
156,1304,729,7602,2318,
157,1174,633,7110,2012,
158,1075,563,6574,1681,
159,973,497,6019,1436,
160,875,439,5425,1211,
161,786,389,4836,1026,
162,705,336,4298,872,
163,631,302,3734,731,
164,570,259,3134,575,
165,516,221,2609,457,
166,466,196,2174,371,
167,417,170,1830,300,
168,368,142,1505,233,
169,329,115,1163,170,
170,314,95,918,111,
171,298,77,711,57,
172,274,59,533,28,
173,260,49,382,9,
174,244,40,250,1,
175,232,36,147,0,
176,218,24,92,0,
177,199,20,68,0,
178,182,17,57,0,
179,168,15,39,0,
180,158,10,32,0,
181,144,7,18,0,
182,124,5,13,0,
183,110,4,8,0,
184,92,1,7,0,
185,78,0,3,0,
186,66,0,1,0,
187,54,0,0,0,
188,37,0,0,0,
189,29,0,0,0,
190,20,0,0,0,
191,12,0,0,0,
192,8,0,0,0,
193,3,0,0,0,
194,1,0,0,0,
195,0,0,0,0,
196,0,0,0,0,
197,0,0,0,0,
198,0,0,0,0,
199,0,0,0,0,
200,0,0,0,0,
201,0,0,0,0,
202,0,0,0,0,
203,0,0,0,0,
204,0,0,0,0,
205,0,0,0,0,
206,0,0,0,0,
207,0,0,0,0,
208,0,0,0,0,
209,0,0,0,0,
210,0,0,0,0,
211,0,0,0,0,
212,0,0,0,0,
213,0,0,0,0,
214,0,0,0,0,
215,0,0,0,0,
216,0,0,0,0,
217,0,0,0,0,
218,0,0,0,0,
219,0,0,0,0,
220,0,0,0,0,
221,0,0,0,0,
222,0,0,0,0,
223,0,0,0,0,
224,0,0,0,0,
225,0,0,0,0,
226,0,0,0,0,
227,0,0,0,0,
228,0,0,0,0,
229,0,0,0,0,
230,0,0,0,0,
231,0,0,0,0,
232,0,0,0,0,
233,0,0,0,0,
234,0,0,0,0,
235,0,0,0,0,
236,0,0,0,0,
237,0,0,0,0,
238,0,0,0,0,
239,0,0,0,0,
240,0,0,0,0,
241,0,0,0,0,
242,0,0,0,0,
243,0,0,0,0,
244,0,0,0,0,
245,0,0,0,0,
246,0,0,0,0,
247,0,0,0,0,
248,0,0,0,0,
249,0,0,0,0,
250,0,0,0,0,
251,0,0,0,0,
252,0,0,0,0,
253,0,0,0,0,
254,0,0,0,0,
255,0,0,0,0,

Img 1
0,877899,877899,877899,877899,
1,877899,877899,877899,877899,
2,877898,877898,877898,877895,
3,877892,877892,877893,877888,
4,877892,877892,877892,877887,
5,877889,877889,877891,877881,
6,877886,877886,877888,877878,
7,877882,877882,877883,877873,
8,877881,877880,877882,877869,
9,877878,877878,877880,877866,
10,877875,877874,877875,877862,
11,877873,877873,877875,877860,
12,877872,877872,877874,877857,
13,877869,877867,877871,877850,
14,877867,877864,877869,877841,
15,877864,877864,877866,877811,
16,877862,877859,877865,877749,
17,877859,877856,877859,877679,
18,877855,877855,877857,877624,
19,877854,877817,877855,877581,
20,877851,877326,877853,877539,
21,877846,875937,877850,877510,
22,877846,873597,877848,877480,
23,877843,871760,877847,877393,
24,877839,869646,877843,877007,
25,877837,867585,877842,876535,
26,877834,865798,877839,876040,
27,877833,863996,877835,875257,
28,877830,862652,877834,874201,
29,877826,861528,877829,873804,
30,877823,860566,877828,873535,
31,877821,859698,877826,873230,
32,877819,858756,877821,872888,
33,877815,857642,877820,872582,
34,877812,856329,877818,872333,
35,877812,855545,877815,872011,
36,877809,854910,877811,871690,
37,877807,854344,877811,871393,
38,877806,853851,877808,871015,
39,877804,853459,877805,870519,
40,877803,853079,877803,869601,
41,877799,852705,877801,868344,
42,877797,852276,877797,866677,
43,877795,851927,877791,865601,
44,877793,851545,877769,864474,
45,877793,851188,877673,863557,
46,877792,850838,877556,862702,
47,877787,850470,877448,861896,
48,877786,850112,877306,861146,
49,877783,849774,877154,860369,
50,877781,849432,876989,859651,
51,877780,849085,876810,858964,
52,877779,848740,876625,858317,
53,877777,848395,876462,857637,
54,877775,848037,876290,857014,
55,877774,847691,876120,856379,
56,877771,847348,875956,855783,
57,877768,847011,875788,855159,
58,877766,846617,875620,854560,
59,877765,846199,875457,853985,
60,877763,845755,875294,853388,
61,877761,845272,875132,852823,
62,877760,844740,874991,852267,
63,877759,844187,874820,851704,
64,877752,843617,874656,851173,
65,877750,842985,874504,850593,
66,877748,842300,874335,849995,
67,877742,841608,874184,849447,
68,877737,840810,874033,848824,
69,877727,840064,873854,848203,
70,877719,839245,873679,847532,
71,877708,838405,873521,846832,
72,877688,837455,873352,846040,
73,877653,836270,873175,845148,
74,877593,834701,872983,844110,
75,877495,833199,872774,842914,
76,877317,831406,872527,841730,
77,877002,829440,872194,840578,
78,876523,827197,871766,839429,
79,875914,824688,871276,838223,
80,875148,822059,870682,836944,
81,874187,819125,869990,835618,
82,873049,816017,869400,834160,
83,871805,812161,868806,832461,
84,870365,808238,868175,830641,
85,868799,804100,867447,828682,
86,867168,799698,866530,826593,
87,865432,794988,865459,824531,
88,863499,789932,864113,822240,
89,861210,783850,862541,819629,
90,858568,776965,860678,816310,
91,855245,768796,858404,811991,
92,851281,759558,855705,806227,
93,846669,749678,852504,798857,
94,841358,738915,849032,787291,
95,835152,727948,844716,771490,
96,828213,717666,839759,754299,
97,819911,707925,833715,736614,
98,809198,697840,826712,723944,
99,795857,686317,818714,713626,
100,779895,672008,808991,703085,
101,762598,655058,796767,690245,
102,743526,635021,781770,675116,
103,720956,613249,764075,658560,
104,694759,589486,744227,637732,
105,666116,564694,724246,617328,
106,637016,539485,703007,598394,
107,610123,515331,680750,578363,
108,584875,491952,658245,557657,
109,561115,471329,633709,537762,
110,537577,452619,606877,515473,
111,513104,434617,581251,487641,
112,483993,413986,555902,457477,
113,451498,389730,529061,426849,
114,418111,358809,500766,395450,
115,389100,324198,469526,365428,
116,355194,288239,433808,335290,
117,320435,253247,397274,306650,
118,280546,217583,362366,275709,
119,239229,181215,329796,244236,
120,200713,149046,298919,213587,
121,168314,118133,268089,185802,
122,140094,88377,238533,156802,
123,116100,62961,211696,126743,
124,93663,41313,188550,100096,
125,71748,26677,170563,78638,
126,49967,18790,153699,59913,
127,33401,14699,136305,43129,
128,21422,11474,118505,28835,
129,14234,10173,101461,20351,
130,10363,9663,84396,15325,
131,9861,9312,68376,12957,
132,9583,8985,56389,12283,
133,9293,8697,42555,11834,
134,9014,8400,37196,11547,
135,8759,8101,32462,11278,
136,8475,7782,28097,10977,
137,8195,7440,23720,10673,
138,7923,7096,20877,10338,
139,7642,6736,19463,10017,
140,7354,6384,18857,9690,
141,7059,5995,18335,9398,
142,6757,5660,17744,9072,
143,6421,5367,17108,8713,
144,6094,5074,16550,8378,
145,5764,4790,16037,8091,
146,5433,4528,15565,7778,
147,5090,4233,15086,7448,
148,4770,3971,14584,7176,
149,4422,3713,14106,6823,
150,4103,3404,13660,6477,
151,3822,3103,13165,6193,
152,3564,2817,12710,5895,
153,3325,2528,12281,5636,
154,3098,2304,11804,5353,
155,2876,2097,11346,5050,
156,2704,1910,10904,4736,
157,2517,1719,10496,4454,
158,2353,1533,10046,4157,
159,2182,1387,9579,3846,
160,2006,1241,9121,3533,
161,1855,1083,8690,3216,
162,1693,966,8248,2877,
163,1539,857,7800,2532,
164,1386,743,7324,2173,
165,1253,662,6795,1839,
166,1131,574,6260,1597,
167,1037,500,5670,1369,
168,923,440,5070,1152,
169,847,383,4512,964,
170,755,336,4009,805,
171,693,296,3456,680,
172,635,264,2915,525,
173,580,221,2441,418,
174,520,196,2065,333,
175,467,169,1710,262,
176,412,138,1374,194,
177,383,117,1057,139,
178,359,95,829,100,
179,345,80,655,48,
180,322,62,488,26,
181,309,50,352,7,
182,291,40,227,1,
183,267,35,140,0,
184,255,27,86,0,
185,242,24,49,0,
186,233,20,28,0,
187,218,16,18,0,
188,200,14,11,0,
189,182,9,6,0,
190,170,7,3,0,
191,157,4,0,0,
192,144,1,0,0,
193,130,0,0,0,
194,115,0,0,0,
195,94,0,0,0,
196,78,0,0,0,
197,65,0,0,0,
198,55,0,0,0,
199,37,0,0,0,
200,28,0,0,0,
201,20,0,0,0,
202,11,0,0,0,
203,7,0,0,0,
204,3,0,0,0,
205,1,0,0,0,
206,0,0,0,0,
207,0,0,0,0,
208,0,0,0,0,
209,0,0,0,0,
210,0,0,0,0,
211,0,0,0,0,
212,0,0,0,0,
213,0,0,0,0,
214,0,0,0,0,
215,0,0,0,0,
216,0,0,0,0,
217,0,0,0,0,
218,0,0,0,0,
219,0,0,0,0,
220,0,0,0,0,
221,0,0,0,0,
222,0,0,0,0,
223,0,0,0,0,
224,0,0,0,0,
225,0,0,0,0,
226,0,0,0,0,
227,0,0,0,0,
228,0,0,0,0,
229,0,0,0,0,
230,0,0,0,0,
231,0,0,0,0,
232,0,0,0,0,
233,0,0,0,0,
234,0,0,0,0,
235,0,0,0,0,
236,0,0,0,0,
237,0,0,0,0,
238,0,0,0,0,
239,0,0,0,0,
240,0,0,0,0,
241,0,0,0,0,
242,0,0,0,0,
243,0,0,0,0,
244,0,0,0,0,
245,0,0,0,0,
246,0,0,0,0,
247,0,0,0,0,
248,0,0,0,0,
249,0,0,0,0,
250,0,0,0,0,
251,0,0,0,0,
252,0,0,0,0,
253,0,0,0,0,
254,0,0,0,0,
255,0,0,0,0,

Img 2
0,877899,877899,877899,877899,
1,877899,877899,877899,877898,
2,877898,877898,877898,877894,
3,877892,877892,877893,877888,
4,877892,877892,877892,877886,
5,877889,877889,877890,877880,
6,877884,877885,877886,877876,
7,877882,877882,877883,877873,
8,877881,877880,877882,877868,
9,877878,877877,877878,877865,
10,877875,877874,877875,877859,
11,877873,877872,877875,877854,
12,877871,877872,877873,877842,
13,877869,877867,877871,877826,
14,877867,877864,877868,877777,
15,877864,877862,877866,877714,
16,877861,877857,877861,877663,
17,877858,877856,877858,877617,
18,877854,877854,877856,877575,
19,877852,877849,877854,877532,
20,877848,877848,877851,877495,
21,877846,877813,877848,877461,
22,877845,877340,877847,877408,
23,877841,876033,877844,877352,
24,877839,874049,877842,877292,
25,877837,871976,877840,877142,
26,877833,869874,877835,876752,
27,877831,867766,877835,876436,
28,877829,865600,877830,876062,
29,877823,863727,877829,875331,
30,877822,862104,877825,874380,
31,877820,860557,877821,873629,
32,877816,859007,877821,873256,
33,877812,857376,877817,872834,
34,877812,856370,877814,872412,
35,877810,855648,877813,872044,
36,877809,855042,877810,871674,
37,877807,854505,877809,871220,
38,877805,854043,877805,870744,
39,877804,853652,877802,870118,
40,877801,853291,877801,869210,
41,877798,852890,877799,867341,
42,877797,852493,877793,865852,
43,877793,852088,877791,864607,
44,877793,851738,877776,863620,
45,877793,851382,877684,862720,
46,877790,851020,877550,861915,
47,877786,850682,877407,861067,
48,877786,850334,877233,860301,
49,877781,849983,877025,859592,
50,877781,849640,876836,858939,
51,877780,849273,876666,858292,
52,877777,848898,876487,857691,
53,877776,848539,876314,857082,
54,877775,848198,876147,856505,
55,877772,847853,875980,855890,
56,877768,847505,875806,855254,
57,877766,847132,875637,854682,
58,877765,846725,875467,854109,
59,877764,846296,875296,853569,
60,877760,845837,875134,853014,
61,877757,845362,874970,852427,
62,877754,844827,874804,851825,
63,877751,844245,874644,851195,
64,877746,843673,874483,850585,
65,877744,843076,874323,850025,
66,877739,842421,874162,849394,
67,877730,841723,873997,848791,
68,877723,841034,873831,848118,
69,877710,840306,873664,847409,
70,877699,839414,873491,846666,
71,877677,838404,873311,845823,
72,877632,837231,873125,844840,
73,877565,835896,872920,843696,
74,877469,834199,872672,842550,
75,877288,832219,872361,841399,
76,876944,830176,871954,840222,
77,876472,827784,871489,839040,
78,875764,825419,870932,837756,
79,874895,822717,870277,836358,
80,873822,819660,869601,834895,
81,872634,816136,868975,833164,
82,871281,812137,868318,831241,
83,869756,807819,867562,829273,
84,868099,802996,866635,827239,
85,866344,797903,865592,825080,
86,864366,792400,864281,822651,
87,862198,786098,862605,819827,
88,859715,778851,860765,816305,
89,856782,770686,858497,811808,
90,853455,761363,855731,806089,
91,849474,750998,852457,799454,
92,844722,739692,848852,789897,
93,839194,728045,844736,776911,
94,832694,717825,840160,760384,
95,824642,708391,834641,742270,
96,815135,698801,828136,727974,
97,802866,688351,820622,714830,
98,787783,676146,811609,702868,
99,770558,661192,800419,689690,
100,750823,642532,786435,675027,
101,729976,620372,769028,657534,
102,706887,596205,749022,635681,
103,680251,572007,727628,614326,
104,651151,546479,704985,593786,
105,623655,520647,682819,571361,
106,598011,495399,660283,548492,
107,574624,473072,638549,525454,
108,550952,452626,615523,500774,
109,526113,432969,589986,473889,
110,500261,412363,563419,445365,
111,470969,388263,537085,415625,
112,439614,358250,508677,385429,
113,406475,324332,479217,356327,
114,365147,286290,445424,327487,
115,322823,248256,409772,299469,
116,282336,211885,375655,267552,
117,241200,176010,341749,235799,
118,205279,141952,312631,205560,
119,175428,112302,283404,174384,
120,149000,86320,253570,144868,
121,122784,63471,226690,118092,
122,100815,42275,200229,93746,
123,78071,27175,176453,71283,
124,57183,17064,155301,53749,
125,36776,12666,137118,35150,
126,20772,10466,118675,20054,
127,12541,9780,101686,14769,
128,10346,9344,84443,12668,
129,9367,8995,67202,11557,
130,9022,8663,48878,11028,
131,8736,8381,40112,10679,
132,8466,8080,34131,10334,
133,8197,7746,29004,10018,
134,7906,7414,23538,9721,
135,7609,7070,20072,9398,
136,7328,6709,18614,9069,
137,7036,6307,18024,8770,
138,6726,5951,17394,8454,
139,6446,5656,16780,8120,
140,6108,5369,16167,7777,
141,5777,5083,15574,7500,
142,5398,4813,15038,7225,
143,5006,4544,14462,6914,
144,4631,4303,13867,6621,
145,4303,4009,13309,6319,
146,3964,3727,12774,6010,
147,3671,3466,12251,5748,
148,3397,3158,11752,5468,
149,3151,2856,11262,5203,
150,2933,2576,10747,4938,
151,2732,2304,10309,4686,
152,2548,2091,9787,4393,
153,2387,1882,9303,4105,
154,2217,1698,8803,3800,
155,2024,1510,8257,3443,
156,1856,1352,7636,3139,
157,1701,1206,7057,2826,
158,1527,1068,6481,2475,
159,1374,958,5912,2138,
160,1228,859,5401,1838,
161,1118,767,4816,1613,
162,1018,667,4275,1431,
163,929,575,3745,1263,
164,844,494,3255,1080,
165,782,431,2893,917,
166,723,389,2556,779,
167,668,347,2203,653,
168,621,295,1908,511,
169,574,255,1625,417,
170,511,225,1329,325,
171,474,195,1037,248,
172,438,162,801,190,
173,409,134,609,145,
174,384,112,432,105,
175,360,97,298,49,
176,346,78,182,27,
177,323,62,111,7,
178,306,51,53,1,
179,293,41,25,0,
180,271,34,19,0,
181,260,28,12,0,
182,244,25,9,0,
183,234,22,5,0,
184,220,17,1,0,
185,204,15,0,0,
186,187,10,0,0,
187,173,8,0,0,
188,158,5,0,0,
189,151,3,0,0,
190,135,1,0,0,
191,117,0,0,0,
192,102,0,0,0,
193,89,0,0,0,
194,71,0,0,0,
195,61,0,0,0,
196,51,0,0,0,
197,35,0,0,0,
198,26,0,0,0,
199,19,0,0,0,
200,11,0,0,0,
201,7,0,0,0,
202,3,0,0,0,
203,1,0,0,0,
204,0,0,0,0,
205,0,0,0,0,
206,0,0,0,0,
207,0,0,0,0,
208,0,0,0,0,
209,0,0,0,0,
210,0,0,0,0,
211,0,0,0,0,
212,0,0,0,0,
213,0,0,0,0,
214,0,0,0,0,
215,0,0,0,0,
216,0,0,0,0,
217,0,0,0,0,
218,0,0,0,0,
219,0,0,0,0,
220,0,0,0,0,
221,0,0,0,0,
222,0,0,0,0,
223,0,0,0,0,
224,0,0,0,0,
225,0,0,0,0,
226,0,0,0,0,
227,0,0,0,0,
228,0,0,0,0,
229,0,0,0,0,
230,0,0,0,0,
231,0,0,0,0,
232,0,0,0,0,
233,0,0,0,0,
234,0,0,0,0,
235,0,0,0,0,
236,0,0,0,0,
237,0,0,0,0,
238,0,0,0,0,
239,0,0,0,0,
240,0,0,0,0,
241,0,0,0,0,
242,0,0,0,0,
243,0,0,0,0,
244,0,0,0,0,
245,0,0,0,0,
246,0,0,0,0,
247,0,0,0,0,
248,0,0,0,0,
249,0,0,0,0,
250,0,0,0,0,
251,0,0,0,0,
252,0,0,0,0,
253,0,0,0,0,
254,0,0,0,0,
255,0,0,0,0,

Img 3
0,877883,877888,877885,877888,
1,877883,877888,877885,877888,
2,877883,877888,877885,877888,
3,877883,877888,877885,877888,
4,877883,877888,877885,877888,
5,877883,877888,877885,877888,
6,877883,877888,877885,877888,
7,877883,877888,877885,877888,
8,877883,877888,877885,877888,
9,877883,877888,877885,877888,
10,877883,877888,877885,877888,
11,877883,877888,877885,877888,
12,877883,877888,877885,877888,
13,877883,877888,877885,877888,
14,877883,877888,877885,877888,
15,877883,877888,877885,877888,
16,877883,877888,877885,877888,
17,877883,877888,877885,877888,
18,877883,877888,877885,877888,
19,877883,877888,877885,877888,
20,877883,877888,877885,877888,
21,877883,877888,877885,877888,
22,877883,877888,877885,877888,
23,877883,877888,877885,877888,
24,877883,877888,877885,877888,
25,877883,877888,877885,877888,
26,877883,877888,877885,877888,
27,877883,877888,877885,877888,
28,877883,877888,877885,877888,
29,877883,877888,877885,877888,
30,877883,877888,877885,877888,
31,877883,877888,877885,877888,
32,877883,877888,877885,877888,
33,877883,877888,877885,877888,
34,877883,877888,877885,877888,
35,877883,877888,877885,877888,
36,877883,877888,877885,877888,
37,877883,877888,877883,877888,
38,877883,877888,877878,877888,
39,877883,877888,877809,877871,
40,877883,877888,877658,877832,
41,877883,877888,877598,877810,
42,877883,877888,877404,877789,
43,877882,877888,877237,877728,
44,877881,877888,876756,877681,
45,877875,877888,876000,877295,
46,877874,877888,875893,877291,
47,877868,877888,875555,877062,
48,877862,877888,875400,877002,
49,877804,877882,875075,876387,
50,877768,877879,874687,876198,
51,877730,877876,874501,876025,
52,877724,877876,874032,875965,
53,877576,877870,873797,875867,
54,877535,877853,873193,874342,
55,877498,877842,873021,874226,
56,877342,877818,872732,874096,
57,877140,877781,871535,873156,
58,877140,877781,871535,873156,
59,877140,877781,871535,873156,
60,876491,877653,869677,870716,
61,876491,877653,869677,870716,
62,876491,877653,869677,870716,
63,876379,877630,869399,870515,
64,875715,877229,866802,866655,
65,875633,877181,866639,866422,
66,875580,877166,866537,866165,
67,875503,877108,866280,866019,
68,873795,876262,862380,861793,
69,873386,875917,860315,859452,
70,873143,875809,859542,858067,
71,872021,874837,855936,855709,
72,871951,874815,855813,855242,
73,869358,871039,836175,797276,
74,869239,871033,836174,797249,
75,857244,856273,803018,732878,
76,852009,855466,802902,730238,
77,849909,851364,792645,718098,
78,849082,850416,792351,717569,
79,836674,833156,766080,698585,
80,828712,816192,756833,689643,
81,803202,756192,712812,520784,
82,657076,652844,629048,497709,
83,466422,279485,318880,124964,
84,433968,254633,304626,121512,
85,414073,242352,295073,116405,
86,372467,183103,232274,96673,
87,147559,113911,169840,76425,
88,147556,113848,169424,76135,
89,147556,113848,169424,76135,
90,1174,27722,3711,12196,
91,1174,27722,3711,12196,
92,1174,27706,3711,12063,
93,758,17131,2746,4675,
94,207,16087,1233,4400,
95,196,14719,1233,3566,
96,193,13699,1230,1044,
97,14,6119,38,478,
98,0,5043,13,281,
99,0,2109,9,54,
100,0,1498,0,11,
101,0,1150,0,11,
102,0,759,0,0,
103,0,534,0,0,
104,0,22,0,0,
105,0,4,0,0,
106,0,0,0,0,
107,0,0,0,0,
108,0,0,0,0,
109,0,0,0,0,
110,0,0,0,0,
111,0,0,0,0,
112,0,0,0,0,
113,0,0,0,0,
114,0,0,0,0,
115,0,0,0,0,
116,0,0,0,0,
117,0,0,0,0,
118,0,0,0,0,
119,0,0,0,0,
120,0,0,0,0,
121,0,0,0,0,
122,0,0,0,0,
123,0,0,0,0,
124,0,0,0,0,
125,0,0,0,0,
126,0,0,0,0,
127,0,0,0,0,
128,0,0,0,0,
129,0,0,0,0,
130,0,0,0,0,
131,0,0,0,0,
132,0,0,0,0,
133,0,0,0,0,
134,0,0,0,0,
135,0,0,0,0,
136,0,0,0,0,
137,0,0,0,0,
138,0,0,0,0,
139,0,0,0,0,
140,0,0,0,0,
141,0,0,0,0,
142,0,0,0,0,
143,0,0,0,0,
144,0,0,0,0,
145,0,0,0,0,
146,0,0,0,0,
147,0,0,0,0,
148,0,0,0,0,
149,0,0,0,0,
150,0,0,0,0,
151,0,0,0,0,
152,0,0,0,0,
153,0,0,0,0,
154,0,0,0,0,
155,0,0,0,0,
156,0,0,0,0,
157,0,0,0,0,
158,0,0,0,0,
159,0,0,0,0,
160,0,0,0,0,
161,0,0,0,0,
162,0,0,0,0,
163,0,0,0,0,
164,0,0,0,0,
165,0,0,0,0,
166,0,0,0,0,
167,0,0,0,0,
168,0,0,0,0,
169,0,0,0,0,
170,0,0,0,0,
171,0,0,0,0,
172,0,0,0,0,
173,0,0,0,0,
174,0,0,0,0,
175,0,0,0,0,
176,0,0,0,0,
177,0,0,0,0,
178,0,0,0,0,
179,0,0,0,0,
180,0,0,0,0,
181,0,0,0,0,
182,0,0,0,0,
183,0,0,0,0,
184,0,0,0,0,
185,0,0,0,0,
186,0,0,0,0,
187,0,0,0,0,
188,0,0,0,0,
189,0,0,0,0,
190,0,0,0,0,
191,0,0,0,0,
192,0,0,0,0,
193,0,0,0,0,
194,0,0,0,0,
195,0,0,0,0,
196,0,0,0,0,
197,0,0,0,0,
198,0,0,0,0,
199,0,0,0,0,
200,0,0,0,0,
201,0,0,0,0,
202,0,0,0,0,
203,0,0,0,0,
204,0,0,0,0,
205,0,0,0,0,
206,0,0,0,0,
207,0,0,0,0,
208,0,0,0,0,
209,0,0,0,0,
210,0,0,0,0,
211,0,0,0,0,
212,0,0,0,0,
213,0,0,0,0,
214,0,0,0,0,
215,0,0,0,0,
216,0,0,0,0,
217,0,0,0,0,
218,0,0,0,0,
219,0,0,0,0,
220,0,0,0,0,
221,0,0,0,0,
222,0,0,0,0,
223,0,0,0,0,
224,0,0,0,0,
225,0,0,0,0,
226,0,0,0,0,
227,0,0,0,0,
228,0,0,0,0,
229,0,0,0,0,
230,0,0,0,0,
231,0,0,0,0,
232,0,0,0,0,
233,0,0,0,0,
234,0,0,0,0,
235,0,0,0,0,
236,0,0,0,0,
237,0,0,0,0,
238,0,0,0,0,
239,0,0,0,0,
240,0,0,0,0,
241,0,0,0,0,
242,0,0,0,0,
243,0,0,0,0,
244,0,0,0,0,
245,0,0,0,0,
246,0,0,0,0,
247,0,0,0,0,
248,0,0,0,0,
249,0,0,0,0,
250,0,0,0,0,
251,0,0,0,0,
252,0,0,0,0,
253,0,0,0,0,
254,0,0,0,0,
255,0,0,0,0,

Img 4
0,877883,877888,877885,877888,
1,877883,877888,877885,877888,
2,877883,877888,877885,877888,
3,877883,877888,877885,877888,
4,877882,877888,877885,877888,
5,877882,877888,877884,877866,
6,877876,877888,877867,877817,
7,877857,877886,877834,877653,
8,877813,877882,877763,877484,
9,877746,877823,877638,874463,
10,877635,877702,876809,873274,
11,877308,877313,875198,868939,
12,876623,876198,870407,864998,
13,874924,873998,863645,860783,
14,871535,865910,838163,839234,
15,849614,846069,754359,794170,
16,799453,800524,659716,630242,
17,727576,665819,482564,398258,
18,647157,547859,346139,255276,
19,557946,450663,240858,167689,
20,451867,380548,159050,130298,
21,338495,296614,91284,97954,
22,232880,225771,42212,71804,
23,136788,156703,23622,60249,
24,65874,104506,17117,53273,
25,29102,81190,13590,49275,
26,12552,67811,11077,45051,
27,6568,59860,9672,42694,
28,1260,54623,8581,40482,
29,556,50909,7829,38421,
30,331,47378,7222,36470,
31,182,44650,6770,34866,
32,118,42799,6356,33514,
33,54,41225,5941,32208,
34,31,39755,5520,30781,
35,21,38578,5219,29717,
36,6,37348,4864,28435,
37,5,36731,4620,27583,
38,2,35802,4340,26430,
39,2,35006,4101,25730,
40,2,34008,3835,24877,
41,2,33230,3635,24161,
42,1,32597,3456,23463,
43,1,31914,3194,22575,
44,1,31458,2964,21990,
45,1,30896,2774,21406,
46,1,30316,2529,20720,
47,1,29907,2377,20210,
48,1,29403,2173,19621,
49,1,28974,1933,19000,
50,1,28629,1771,18494,
51,1,28281,1614,17964,
52,1,27939,1445,17483,
53,1,27564,1277,16903,
54,1,27213,1108,16378,
55,1,26815,930,15783,
56,1,26608,802,15453,
57,1,26251,627,14741,
58,1,25936,501,13797,
59,1,25693,408,13090,
60,1,25484,272,12681,
61,1,25164,137,11168,
62,1,24815,64,10344,
63,1,24795,64,10301,
64,1,24446,36,9592,
65,1,24104,20,8909,
66,1,24024,20,8841,
67,1,23711,6,8094,
68,1,23502,0,7556,
69,1,23246,0,7488,
70,1,23045,0,7158,
71,1,22755,0,6985,
72,1,22553,0,6868,
73,1,22033,0,6643,
74,1,21769,0,6525,
75,1,20735,0,6325,
76,1,20585,0,6193,
77,1,19559,0,6005,
78,1,19315,0,5740,
79,1,19081,0,5704,
80,1,18330,0,5595,
81,1,18255,0,5452,
82,1,17425,0,5417,
83,1,17137,0,5115,
84,1,17137,0,5115,
85,0,15965,0,4754,
86,0,15965,0,4754,
87,0,15828,0,4649,
88,0,14561,0,4475,
89,0,14506,0,4407,
90,0,14066,0,4214,
91,0,13685,0,4168,
92,0,12731,0,4114,
93,0,12579,0,4047,
94,0,11723,0,3808,
95,0,11628,0,3794,
96,0,9966,0,3727,
97,0,9283,0,3401,
98,0,8877,0,3351,
99,0,8681,0,3253,
100,0,6358,0,3154,
101,0,6358,0,3147,
102,0,5826,0,3010,
103,0,5826,0,3007,
104,0,4216,0,2887,
105,0,4216,0,2804,
106,0,3818,0,2684,
107,0,3450,0,2614,
108,0,2665,0,2368,
109,0,2387,0,2324,
110,0,2387,0,2324,
111,0,2017,0,2218,
112,0,1341,0,2021,
113,0,1162,0,1935,
114,0,864,0,1905,
115,0,856,0,1428,
116,0,855,0,1413,
117,0,724,0,1413,
118,0,450,0,1257,
119,0,441,0,680,
120,0,441,0,623,
121,0,441,0,623,
122,0,407,0,603,
123,0,224,0,298,
124,0,224,0,298,
125,0,224,0,298,
126,0,224,0,298,
127,0,141,0,238,
128,0,122,0,83,
129,0,122,0,83,
130,0,122,0,83,
131,0,122,0,83,
132,0,101,0,31,
133,0,14,0,31,
134,0,14,0,31,
135,0,14,0,30,
136,0,14,0,18,
137,0,14,0,7,
138,0,0,0,7,
139,0,0,0,7,
140,0,0,0,7,
141,0,0,0,7,
142,0,0,0,7,
143,0,0,0,7,
144,0,0,0,7,
145,0,0,0,7,
146,0,0,0,3,
147,0,0,0,3,
148,0,0,0,3,
149,0,0,0,3,
150,0,0,0,3,
151,0,0,0,3,
152,0,0,0,3,
153,0,0,0,3,
154,0,0,0,3,
155,0,0,0,3,
156,0,0,0,3,
157,0,0,0,0,
158,0,0,0,0,
159,0,0,0,0,
160,0,0,0,0,
161,0,0,0,0,
162,0,0,0,0,
163,0,0,0,0,
164,0,0,0,0,
165,0,0,0,0,
166,0,0,0,0,
167,0,0,0,0,
168,0,0,0,0,
169,0,0,0,0,
170,0,0,0,0,
171,0,0,0,0,
172,0,0,0,0,
173,0,0,0,0,
174,0,0,0,0,
175,0,0,0,0,
176,0,0,0,0,
177,0,0,0,0,
178,0,0,0,0,
179,0,0,0,0,
180,0,0,0,0,
181,0,0,0,0,
182,0,0,0,0,
183,0,0,0,0,
184,0,0,0,0,
185,0,0,0,0,
186,0,0,0,0,
187,0,0,0,0,
188,0,0,0,0,
189,0,0,0,0,
190,0,0,0,0,
191,0,0,0,0,
192,0,0,0,0,
193,0,0,0,0,
194,0,0,0,0,
195,0,0,0,0,
196,0,0,0,0,
197,0,0,0,0,
198,0,0,0,0,
199,0,0,0,0,
200,0,0,0,0,
201,0,0,0,0,
202,0,0,0,0,
203,0,0,0,0,
204,0,0,0,0,
205,0,0,0,0,
206,0,0,0,0,
207,0,0,0,0,
208,0,0,0,0,
209,0,0,0,0,
210,0,0,0,0,
211,0,0,0,0,
212,0,0,0,0,
213,0,0,0,0,
214,0,0,0,0,
215,0,0,0,0,
216,0,0,0,0,
217,0,0,0,0,
218,0,0,0,0,
219,0,0,0,0,
220,0,0,0,0,
221,0,0,0,0,
222,0,0,0,0,
223,0,0,0,0,
224,0,0,0,0,
225,0,0,0,0,
226,0,0,0,0,
227,0,0,0,0,
228,0,0,0,0,
229,0,0,0,0,
230,0,0,0,0,
231,0,0,0,0,
232,0,0,0,0,
233,0,0,0,0,
234,0,0,0,0,
235,0,0,0,0,
236,0,0,0,0,
237,0,0,0,0,
238,0,0,0,0,
239,0,0,0,0,
240,0,0,0,0,
241,0,0,0,0,
242,0,0,0,0,
243,0,0,0,0,
244,0,0,0,0,
245,0,0,0,0,
246,0,0,0,0,
247,0,0,0,0,
248,0,0,0,0,
249,0,0,0,0,
250,0,0,0,0,
251,0,0,0,0,
252,0,0,0,0,
253,0,0,0,0,
254,0,0,0,0,
255,0,0,0,0,

Img 5
0,877899,877899,877899,877899,
1,877899,877899,877899,877899,
2,877898,877898,877898,877895,
3,877892,877892,877893,877888,
4,877892,877892,877892,877887,
5,877889,877889,877891,877881,
6,877886,877886,877888,877878,
7,877882,877882,877883,877873,
8,877881,877880,877882,877869,
9,877878,877878,877880,877866,
10,877875,877874,877875,877862,
11,877873,877873,877875,877860,
12,877872,877872,877874,877857,
13,877869,877867,877871,877850,
14,877867,877864,877869,877841,
15,877864,877864,877866,877811,
16,877862,877859,877865,877749,
17,877859,877856,877859,877679,
18,877855,877855,877857,877624,
19,877854,877851,877855,877581,
20,877851,877849,877853,877539,
21,877846,877814,877850,877510,
22,877846,877342,877848,877480,
23,877843,876033,877847,877440,
24,877839,874051,877843,877373,
25,877837,871999,877842,877218,
26,877834,869992,877839,876826,
27,877833,867963,877835,876521,
28,877830,865835,877834,876131,
29,877826,864142,877829,875399,
30,877823,862513,877828,874449,
31,877821,861135,877826,873714,
32,877819,859830,877821,873366,
33,877815,858494,877820,872988,
34,877812,857048,877818,872608,
35,877812,856143,877815,872262,
36,877809,855472,877811,871920,
37,877807,854836,877811,871589,
38,877806,854288,877808,871200,
39,877804,853852,877805,870743,
40,877803,853472,877803,870056,
41,877799,853090,877801,868947,
42,877797,852672,877797,867031,
43,877795,852274,877793,865826,
44,877793,851909,877786,864676,
45,877793,851537,877717,863730,
46,877792,851176,877595,862870,
47,877787,850832,877486,862051,
48,877786,850475,877358,861280,
49,877783,850116,877199,860509,
50,877781,849778,877028,859785,
51,877780,849405,876846,859112,
52,877779,849051,876662,858472,
53,877777,848689,876498,857817,
54,877775,848335,876320,857201,
55,877774,847998,876161,856585,
56,877771,847639,875984,855987,
57,877768,847304,875818,855374,
58,877766,846906,875659,854760,
59,877765,846481,875477,854184,
60,877763,846043,875317,853571,
61,877761,845571,875164,853006,
62,877760,845054,875011,852433,
63,877759,844486,874850,851856,
64,877752,843930,874675,851315,
65,877750,843348,874518,850736,
66,877748,842702,874361,850133,
67,877742,842046,874198,849576,
68,877737,841300,874046,848940,
69,877727,840597,873881,848321,
70,877719,839805,873692,847653,
71,877708,838876,873534,846960,
72,877688,837873,873366,846190,
73,877653,836650,873182,845292,
74,877593,835076,872999,844274,
75,877495,833389,872790,843106,
76,877317,831529,872532,841890,
77,877002,829527,872198,840721,
78,876523,827312,871771,839556,
79,875914,824817,871280,838329,
80,875148,822217,870688,837055,
81,874187,819289,869994,835702,
82,873049,816068,869406,834248,
83,871805,812180,868812,832548,
84,870365,808247,868177,830716,
85,868799,804107,867450,828756,
86,867168,799701,866536,826663,
87,865432,794991,865462,824585,
88,863499,789937,864113,822304,
89,861210,783850,862541,819681,
90,858568,776966,860678,816363,
91,855245,768797,858405,812041,
92,851281,759560,855710,806283,
93,846678,749678,852509,798942,
94,841376,738916,849036,787372,
95,835167,727949,844718,771585,
96,828214,717666,839762,754400,
97,819912,707928,833716,736718,
98,809201,697840,826712,724029,
99,795861,686318,818714,713702,
100,779897,672009,808991,703199,
101,762604,655059,796767,690448,
102,743581,635023,781771,675358,
103,721076,613250,764094,658730,
104,694901,589487,744434,637827,
105,666252,564695,724644,617377,
106,637248,539485,703475,598401,
107,610245,515331,681138,578370,
108,584979,491952,658571,557662,
109,561265,471330,633957,537768,
110,537725,452619,607156,515475,
111,513212,434618,581327,487643,
112,483998,413986,555936,457481,
113,451498,389731,529086,426853,
114,418111,358809,500811,395450,
115,389100,324198,469638,365431,
116,355194,288239,433929,335291,
117,320435,253248,397617,306652,
118,280546,217583,362917,275711,
119,239229,181217,330116,244239,
120,200713,149046,298970,213588,
121,168314,118133,268089,185802,
122,140094,88377,238533,156803,
123,116100,62961,211696,126743,
124,93663,41313,188550,100096,
125,71748,26677,170563,78638,
126,49967,18790,153699,59913,
127,33401,14699,136305,43129,
128,21422,11474,118505,28835,
129,14234,10173,101461,20351,
130,10363,9663,84396,15325,
131,9861,9312,68376,12957,
132,9583,8985,56389,12283,
133,9293,8697,42555,11834,
134,9014,8400,37196,11547,
135,8759,8101,32462,11278,
136,8475,7782,28097,10977,
137,8195,7440,23720,10673,
138,7923,7096,20877,10338,
139,7642,6736,19463,10017,
140,7354,6384,18857,9690,
141,7059,5995,18335,9398,
142,6757,5660,17744,9072,
143,6421,5367,17108,8713,
144,6094,5074,16550,8378,
145,5764,4790,16037,8091,
146,5433,4528,15565,7778,
147,5090,4233,15086,7448,
148,4770,3971,14584,7176,
149,4422,3713,14106,6823,
150,4103,3404,13660,6477,
151,3822,3103,13165,6193,
152,3564,2817,12710,5895,
153,3325,2528,12281,5636,
154,3098,2304,11804,5353,
155,2876,2097,11346,5050,
156,2704,1910,10904,4736,
157,2517,1719,10496,4454,
158,2353,1533,10046,4157,
159,2182,1387,9579,3846,
160,2006,1241,9121,3533,
161,1855,1083,8690,3216,
162,1693,966,8248,2877,
163,1539,857,7800,2532,
164,1386,743,7324,2173,
165,1253,662,6795,1839,
166,1131,574,6260,1597,
167,1037,500,5670,1369,
168,923,440,5070,1152,
169,847,383,4512,964,
170,755,336,4009,805,
171,693,296,3456,680,
172,635,264,2915,525,
173,580,221,2441,418,
174,520,196,2065,333,
175,467,169,1710,262,
176,412,138,1374,194,
177,383,117,1057,139,
178,359,95,829,100,
179,345,80,655,48,
180,322,62,488,26,
181,309,50,352,7,
182,291,40,227,1,
183,267,35,140,0,
184,255,27,86,0,
185,242,24,49,0,
186,233,20,28,0,
187,218,16,18,0,
188,200,14,11,0,
189,182,9,6,0,
190,170,7,3,0,
191,157,4,0,0,
192,144,1,0,0,
193,130,0,0,0,
194,115,0,0,0,
195,94,0,0,0,
196,78,0,0,0,
197,65,0,0,0,
198,55,0,0,0,
199,37,0,0,0,
200,28,0,0,0,
201,20,0,0,0,
202,11,0,0,0,
203,7,0,0,0,
204,3,0,0,0,
205,1,0,0,0,
206,0,0,0,0,
207,0,0,0,0,
208,0,0,0,0,
209,0,0,0,0,
210,0,0,0,0,
211,0,0,0,0,
212,0,0,0,0,
213,0,0,0,0,
214,0,0,0,0,
215,0,0,0,0,
216,0,0,0,0,
217,0,0,0,0,
218,0,0,0,0,
219,0,0,0,0,
220,0,0,0,0,
221,0,0,0,0,
222,0,0,0,0,
223,0,0,0,0,
224,0,0,0,0,
225,0,0,0,0,
226,0,0,0,0,
227,0,0,0,0,
228,0,0,0,0,
229,0,0,0,0,
230,0,0,0,0,
231,0,0,0,0,
232,0,0,0,0,
233,0,0,0,0,
234,0,0,0,0,
235,0,0,0,0,
236,0,0,0,0,
237,0,0,0,0,
238,0,0,0,0,
239,0,0,0,0,
240,0,0,0,0,
241,0,0,0,0,
242,0,0,0,0,
243,0,0,0,0,
244,0,0,0,0,
245,0,0,0,0,
246,0,0,0,0,
247,0,0,0,0,
248,0,0,0,0,
249,0,0,0,0,
250,0,0,0,0,
251,0,0,0,0,
252,0,0,0,0,
253,0,0,0,0,
254,0,0,0,0,
255,0,0,0,0,

Img 6
0,877883,877888,877885,877888,
1,877883,877888,877885,877888,
2,877883,877888,877885,877888,
3,877883,877888,877885,877888,
4,877883,877888,877885,877888,
5,877883,877888,877885,877888,
6,877883,877888,877885,877888,
7,877883,877888,877885,877888,
8,877883,877888,877885,877888,
9,877883,877888,877885,877888,
10,877883,877888,877885,877888,
11,877883,877888,877885,877888,
12,877883,877888,877885,877888,
13,877883,877888,877885,877888,
14,877883,877888,877885,877888,
15,877883,877888,877885,877888,
16,877883,877888,877885,877888,
17,877883,877888,877885,877888,
18,877883,877888,877885,877888,
19,877883,877888,877885,877888,
20,877883,877888,877885,877888,
21,877883,877888,877885,877888,
22,877883,877888,877885,877888,
23,877883,877888,877885,877888,
24,877883,877888,877885,877888,
25,877883,877888,877885,877888,
26,877883,877888,877885,877888,
27,877883,877888,877885,877888,
28,877883,877888,877885,877888,
29,877883,877888,877885,877888,
30,877883,877888,877885,877888,
31,877883,877888,877885,877888,
32,877883,877888,877885,877888,
33,877883,877888,877885,877888,
34,877883,877888,877885,877888,
35,877883,877888,877885,877888,
36,877883,877888,877885,877888,
37,877883,877888,877883,877888,
38,877883,877888,877878,877888,
39,877883,877888,877809,877871,
40,877883,877888,877658,877832,
41,877883,877888,877598,877810,
42,877883,877888,877383,877789,
43,877882,877888,877237,877728,
44,877881,877888,876756,877681,
45,877875,877888,876000,877295,
46,877874,877888,875893,877291,
47,877868,877888,875555,877062,
48,877862,877888,875400,877002,
49,877804,877882,875075,876387,
50,877768,877879,874687,876198,
51,877730,877876,874501,876025,
52,877642,877873,873936,875896,
53,877576,877870,873797,875867,
54,877535,877853,873193,874342,
55,877498,877842,873021,874226,
56,877342,877818,872732,874096,
57,877140,877781,871535,873156,
58,877140,877781,871535,873156,
59,877140,877781,871535,873156,
60,876491,877653,869677,870716,
61,876491,877653,869677,870716,
62,876491,877653,869677,870716,
63,876379,877630,869399,870515,
64,875715,877229,866802,866655,
65,875633,877181,866639,866422,
66,875580,877166,866537,866165,
67,875442,877067,866237,865799,
68,873795,876262,862380,861793,
69,873386,875917,860315,859452,
70,873143,875809,859542,858067,
71,872021,874837,855936,855709,
72,871951,874815,855813,855241,
73,869358,871039,836175,797276,
74,869239,871033,836174,797249,
75,857244,856273,803018,732878,
76,852009,855466,802902,730238,
77,849891,851364,792645,718098,
78,849082,850416,792351,717569,
79,836674,833156,766080,698585,
80,828712,816192,756833,689643,
81,803202,756192,712812,520784,
82,510096,349072,359684,151440,
83,466422,279485,318880,124964,
84,433968,254633,304626,121512,
85,414073,242352,295073,116405,
86,372467,183103,232274,96673,
87,147559,113911,169827,76419,
88,147556,113848,169424,76135,
89,147556,113848,169424,76135,
90,1174,27722,3711,12196,
91,1174,27722,3711,12196,
92,1174,27315,3685,11400,
93,758,17131,2746,4675,
94,207,16087,1233,4400,
95,196,14719,1233,3566,
96,193,13699,1230,1044,
97,13,6119,38,466,
98,0,5043,13,281,
99,0,2109,9,54,
100,0,1498,0,11,
101,0,1150,0,11,
102,0,547,0,0,
103,0,534,0,0,
104,0,22,0,0,
105,0,4,0,0,
106,0,0,0,0,
107,0,0,0,0,
108,0,0,0,0,
109,0,0,0,0,
110,0,0,0,0,
111,0,0,0,0,
112,0,0,0,0,
113,0,0,0,0,
114,0,0,0,0,
115,0,0,0,0,
116,0,0,0,0,
117,0,0,0,0,
118,0,0,0,0,
119,0,0,0,0,
120,0,0,0,0,
121,0,0,0,0,
122,0,0,0,0,
123,0,0,0,0,
124,0,0,0,0,
125,0,0,0,0,
126,0,0,0,0,
127,0,0,0,0,
128,0,0,0,0,
129,0,0,0,0,
130,0,0,0,0,
131,0,0,0,0,
132,0,0,0,0,
133,0,0,0,0,
134,0,0,0,0,
135,0,0,0,0,
136,0,0,0,0,
137,0,0,0,0,
138,0,0,0,0,
139,0,0,0,0,
140,0,0,0,0,
141,0,0,0,0,
142,0,0,0,0,
143,0,0,0,0,
144,0,0,0,0,
145,0,0,0,0,
146,0,0,0,0,
147,0,0,0,0,
148,0,0,0,0,
149,0,0,0,0,
150,0,0,0,0,
151,0,0,0,0,
152,0,0,0,0,
153,0,0,0,0,
154,0,0,0,0,
155,0,0,0,0,
156,0,0,0,0,
157,0,0,0,0,
158,0,0,0,0,
159,0,0,0,0,
160,0,0,0,0,
161,0,0,0,0,
162,0,0,0,0,
163,0,0,0,0,
164,0,0,0,0,
165,0,0,0,0,
166,0,0,0,0,
167,0,0,0,0,
168,0,0,0,0,
169,0,0,0,0,
170,0,0,0,0,
171,0,0,0,0,
172,0,0,0,0,
173,0,0,0,0,
174,0,0,0,0,
175,0,0,0,0,
176,0,0,0,0,
177,0,0,0,0,
178,0,0,0,0,
179,0,0,0,0,
180,0,0,0,0,
181,0,0,0,0,
182,0,0,0,0,
183,0,0,0,0,
184,0,0,0,0,
185,0,0,0,0,
186,0,0,0,0,
187,0,0,0,0,
188,0,0,0,0,
189,0,0,0,0,
190,0,0,0,0,
191,0,0,0,0,
192,0,0,0,0,
193,0,0,0,0,
194,0,0,0,0,
195,0,0,0,0,
196,0,0,0,0,
197,0,0,0,0,
198,0,0,0,0,
199,0,0,0,0,
200,0,0,0,0,
201,0,0,0,0,
202,0,0,0,0,
203,0,0,0,0,
204,0,0,0,0,
205,0,0,0,0,
206,0,0,0,0,
207,0,0,0,0,
208,0,0,0,0,
209,0,0,0,0,
210,0,0,0,0,
211,0,0,0,0,
212,0,0,0,0,
213,0,0,0,0,
214,0,0,0,0,
215,0,0,0,0,
216,0,0,0,0,
217,0,0,0,0,
218,0,0,0,0,
219,0,0,0,0,
220,0,0,0,0,
221,0,0,0,0,
222,0,0,0,0,
223,0,0,0,0,
224,0,0,0,0,
225,0,0,0,0,
226,0,0,0,0,
227,0,0,0,0,
228,0,0,0,0,
229,0,0,0,0,
230,0,0,0,0,
231,0,0,0,0,
232,0,0,0,0,
233,0,0,0,0,
234,0,0,0,0,
235,0,0,0,0,
236,0,0,0,0,
237,0,0,0,0,
238,0,0,0,0,
239,0,0,0,0,
240,0,0,0,0,
241,0,0,0,0,
242,0,0,0,0,
243,0,0,0,0,
244,0,0,0,0,
245,0,0,0,0,
246,0,0,0,0,
247,0,0,0,0,
248,0,0,0,0,
249,0,0,0,0,
250,0,0,0,0,
251,0,0,0,0,
252,0,0,0,0,
253,0,0,0,0,
254,0,0,0,0,
255,0,0,0,0,

Img 7
0,877899,877899,877899,877899,
1,877899,877899,877899,877899,
2,877898,877898,877898,877895,
3,877892,877892,877893,877888,
4,877892,877891,877892,877883,
5,877889,877889,877891,877881,
6,877886,877886,877888,877877,
7,877882,877882,877883,877873,
8,877880,877878,877880,877866,
9,877878,877878,877880,877863,
10,877873,877873,877875,877852,
11,877873,877873,877875,877835,
12,877872,877872,877874,877784,
13,877869,877867,877871,877714,
14,877867,877864,877868,877654,
15,877864,877863,877866,877614,
16,877859,877823,877859,877553,
17,877857,877822,877859,877529,
18,877854,876068,877855,877485,
19,877851,875573,877854,877413,
20,877846,872802,877850,877078,
21,877846,870411,877849,876615,
22,877843,867936,877847,876124,
23,877840,865689,877843,875270,
24,877837,863823,877843,874239,
25,877835,862093,877839,873821,
26,877833,860805,877835,873524,
27,877830,859655,877834,873209,
28,877826,858358,877829,872824,
29,877824,856946,877828,872484,
30,877821,856061,877826,872181,
31,877819,855405,877821,871841,
32,877814,854613,877820,871379,
33,877812,854322,877817,871102,
34,877809,853696,877814,870391,
35,877809,853493,877811,869942,
36,877806,852989,877809,868304,
37,877806,852767,877806,867021,
38,877803,852166,877798,865496,
39,877803,851972,877790,864773,
40,877797,851427,877657,863546,
41,877796,851241,877590,862987,
42,877793,850835,877470,862116,
43,877793,850512,877325,861429,
44,877792,850181,877131,860692,
45,877789,849832,876945,859949,
46,877786,849469,876764,859290,
47,877784,849109,876589,858620,
48,877781,848740,876424,857982,
49,877780,848374,876246,857312,
50,877779,848010,876089,856681,
51,877777,847663,875907,856078,
52,877775,847319,875754,855480,
53,877774,846921,875586,854887,
54,877771,846506,875411,854257,
55,877768,846094,875251,853667,
56,877765,845626,875091,853071,
57,877765,845100,874938,852462,
58,877762,844559,874788,851914,
59,877761,844040,874619,851341,
60,877761,843501,874463,850782,
61,877757,842926,874307,850236,
62,877752,842328,874140,849624,
63,877749,841644,873990,849044,
64,877740,840587,873780,848198,
65,877737,840269,873646,847816,
66,877724,839031,873452,846904,
67,877717,838556,873308,846450,
68,877688,837064,873102,845354,
69,877677,836502,872972,844800,
70,877597,834386,872727,843398,
71,877561,833648,872588,842665,
72,877316,830713,872278,841125,
73,877212,829645,872060,840334,
74,876512,826177,871536,838795,
75,876265,825056,871182,838016,
76,875131,820823,870405,836379,
77,874636,819521,869939,835560,
78,873015,814727,869121,833641,
79,872337,812986,868700,832717,
80,870293,806861,867910,830228,
81,869458,804694,867404,829216,
82,867095,798404,866246,826392,
83,866081,795759,865497,825333,
84,863430,788641,863799,822085,
85,862105,784570,862597,820738,
86,858485,775322,860355,816126,
87,856638,769482,858681,814233,
88,851217,758105,855300,806207,
89,848769,750478,852987,803301,
90,841134,737102,848555,787507,
91,837869,728467,845742,781211,
92,826889,715915,839254,754542,
93,821815,709039,835513,747555,
94,804464,696167,826161,724200,
95,795790,689081,821703,719895,
96,771530,669930,808431,703442,
97,760910,660503,802236,699096,
98,733984,631233,781140,675882,
99,719197,618627,771970,670271,
100,691684,593501,753131,651572,
101,665841,570431,732920,629881,
102,638421,545225,712420,609632,
103,610985,519286,690018,589969,
104,584684,494579,667079,569284,
105,560883,473082,643368,548756,
106,536747,452725,617679,527031,
107,509015,433094,589709,501370,
108,477275,411145,563075,471792,
109,445409,384843,536818,440128,
110,414079,351879,508916,407400,
111,379828,315780,478259,375979,
112,339082,278358,443815,344623,
113,297012,240810,406526,313555,
114,253031,203125,370557,280685,
115,211006,167880,337129,248855,
116,176988,133137,306000,216560,
117,147468,101451,273637,186579,
118,121155,75635,242765,157693,
119,95923,54564,214647,127882,
120,73157,35658,187870,102978,
121,50694,24350,164664,80056,
122,33608,16141,145164,59467,
123,21656,12256,125609,40964,
124,14397,10592,106074,25561,
125,10518,10002,87845,17619,
126,9998,9635,71045,14172,
127,9735,9314,57902,12846,
128,9454,9003,43449,12267,
129,9180,8724,37838,11929,
130,8887,8426,33145,11657,
131,8634,8131,29060,11383,
132,8341,7811,24516,11090,
133,8069,7469,21627,10762,
134,7802,7138,20151,10446,
135,7513,6781,19539,10106,
136,7208,6409,18926,9778,
137,6892,6024,18382,9500,
138,6566,5681,17807,9196,
139,6232,5370,17178,8829,
140,5907,5086,16592,8503,
141,5574,4809,16085,8209,
142,5221,4547,15597,7914,
143,4881,4244,15107,7585,
144,4547,3983,14599,7295,
145,4227,3717,14119,6932,
146,3946,3410,13654,6610,
147,3690,3104,13169,6311,
148,3455,2805,12679,6022,
149,3217,2526,12251,5747,
150,2988,2284,11769,5472,
151,2796,2085,11293,5162,
152,2613,1904,10872,4889,
153,2452,1715,10430,4587,
154,2287,1520,9997,4307,
155,2127,1381,9531,4005,
156,1969,1225,9061,3689,
157,1809,1070,8626,3387,
158,1651,963,8193,3036,
159,1505,853,7715,2682,
160,1359,749,7256,2329,
161,1234,658,6698,2015,
162,1128,577,6104,1692,
163,1018,503,5515,1454,
164,922,445,4946,1227,
165,823,391,4412,1035,
166,746,342,3906,871,
167,681,306,3394,732,
168,614,266,2866,575,
169,561,224,2441,457,
170,501,198,2070,369,
171,451,176,1725,299,
172,402,143,1409,229,
173,362,119,1094,168,
174,349,99,860,116,
175,325,82,662,55,
176,311,62,484,27,
177,294,53,348,8,
178,269,41,213,1,
179,255,37,127,0,
180,242,27,77,0,
181,231,22,49,0,
182,216,20,35,0,
183,198,16,21,0,
184,181,13,16,0,
185,168,9,8,0,
186,156,7,5,0,
187,142,4,3,0,
188,124,1,0,0,
189,110,0,0,0,
190,88,0,0,0,
191,77,0,0,0,
192,64,0,0,0,
193,54,0,0,0,
194,37,0,0,0,
195,28,0,0,0,
196,20,0,0,0,
197,11,0,0,0,
198,7,0,0,0,
199,3,0,0,0,
200,1,0,0,0,
201,0,0,0,0,
202,0,0,0,0,
203,0,0,0,0,
204,0,0,0,0,
205,0,0,0,0,
206,0,0,0,0,
207,0,0,0,0,
208,0,0,0,0,
209,0,0,0,0,
210,0,0,0,0,
211,0,0,0,0,
212,0,0,0,0,
213,0,0,0,0,
214,0,0,0,0,
215,0,0,0,0,
216,0,0,0,0,
217,0,0,0,0,
218,0,0,0,0,
219,0,0,0,0,
220,0,0,0,0,
221,0,0,0,0,
222,0,0,0,0,
223,0,0,0,0,
224,0,0,0,0,
225,0,0,0,0,
226,0,0,0,0,
227,0,0,0,0,
228,0,0,0,0,
229,0,0,0,0,
230,0,0,0,0,
231,0,0,0,0,
232,0,0,0,0,
233,0,0,0,0,
234,0,0,0,0,
235,0,0,0,0,
236,0,0,0,0,
237,0,0,0,0,
238,0,0,0,0,
239,0,0,0,0,
240,0,0,0,0,
241,0,0,0,0,
242,0,0,0,0,
243,0,0,0,0,
244,0,0,0,0,
245,0,0,0,0,
246,0,0,0,0,
247,0,0,0,0,
248,0,0,0,0,
249,0,0,0,0,
250,0,0,0,0,
251,0,0,0,0,
252,0,0,0,0,
253,0,0,0,0,
254,0,0,0,0,
255,0,0,0,0,

Img 8
0,877883,877888,877885,877888,
1,877883,877888,877885,877888,
2,877882,877888,877885,877887,
3,877882,877887,877880,877793,
4,877844,877882,877830,877276,
5,877739,877778,877251,873274,
6,877559,877468,876209,869728,
7,873646,868794,844543,844430,
8,803078,806150,676253,638059,
9,664355,564736,377661,284332,
10,503312,406268,195660,144302,
11,284208,258817,70323,79851,
12,100165,133660,24939,58067,
13,26587,79818,15212,48555,
14,7313,59963,10853,42746,
15,1137,51787,8529,38802,
16,635,46287,7229,35845,
17,417,42193,6229,33064,
18,281,39756,5523,30781,
19,211,37810,5017,28987,
20,149,36278,4480,27028,
21,109,34866,4074,25569,
22,75,33234,3638,24161,
23,36,32326,3340,23052,
24,9,31288,2927,21877,
25,2,30423,2566,20820,
26,1,29684,2249,19928,
27,1,28974,1933,18972,
28,1,28281,1614,17964,
29,1,27896,1373,17304,
30,1,27213,1108,16378,
31,1,26748,851,15636,
32,1,26249,627,14709,
33,1,25842,408,13634,
34,1,25313,272,11526,
35,1,24962,137,10698,
36,1,24446,36,9592,
37,1,24104,20,8909,
38,1,23924,6,8206,
39,1,23603,0,7959,
40,1,23136,0,7375,
41,1,22756,0,7011,
42,1,22049,0,6692,
43,1,21770,0,6559,
44,1,20727,0,6304,
45,1,20365,0,6021,
46,1,19315,0,5740,
47,1,18519,0,5689,
48,1,18255,0,5452,
49,1,17139,0,5146,
50,1,17137,0,5115,
51,0,15965,0,4754,
52,0,15965,0,4725,
53,0,14561,0,4475,
54,0,14450,0,4390,
55,0,13685,0,4168,
56,0,12731,0,4114,
57,0,12069,0,3878,
58,0,11628,0,3794,
59,0,9969,0,3758,
60,0,9156,0,3382,
61,0,8683,0,3308,
62,0,6552,0,3169,
63,0,6358,0,3147,
64,0,5826,0,3010,
65,0,4612,0,2887,
66,0,4216,0,2804,
67,0,3818,0,2684,
68,0,2670,0,2433,
69,0,2665,0,2368,
70,0,2387,0,2324,
71,0,2006,0,2104,
72,0,1341,0,2011,
73,0,1162,0,1935,
74,0,856,0,1428,
75,0,855,0,1413,
76,0,655,0,1330,
77,0,450,0,1257,
78,0,441,0,623,
79,0,441,0,623,
80,0,430,0,623,
81,0,224,0,298,
82,0,224,0,298,
83,0,224,0,298,
84,0,224,0,298,
85,0,122,0,83,
86,0,122,0,83,
87,0,122,0,83,
88,0,122,0,83,
89,0,101,0,31,
90,0,14,0,31,
91,0,14,0,31,
92,0,14,0,30,
93,0,14,0,18,
94,0,14,0,7,
95,0,0,0,7,
96,0,0,0,7,
97,0,0,0,7,
98,0,0,0,7,
99,0,0,0,7,
100,0,0,0,7,
101,0,0,0,7,
102,0,0,0,3,
103,0,0,0,3,
104,0,0,0,3,
105,0,0,0,3,
106,0,0,0,3,
107,0,0,0,3,
108,0,0,0,3,
109,0,0,0,3,
110,0,0,0,3,
111,0,0,0,3,
112,0,0,0,3,
113,0,0,0,0,
114,0,0,0,0,
115,0,0,0,0,
116,0,0,0,0,
117,0,0,0,0,
118,0,0,0,0,
119,0,0,0,0,
120,0,0,0,0,
121,0,0,0,0,
122,0,0,0,0,
123,0,0,0,0,
124,0,0,0,0,
125,0,0,0,0,
126,0,0,0,0,
127,0,0,0,0,
128,0,0,0,0,
129,0,0,0,0,
130,0,0,0,0,
131,0,0,0,0,
132,0,0,0,0,
133,0,0,0,0,
134,0,0,0,0,
135,0,0,0,0,
136,0,0,0,0,
137,0,0,0,0,
138,0,0,0,0,
139,0,0,0,0,
140,0,0,0,0,
141,0,0,0,0,
142,0,0,0,0,
143,0,0,0,0,
144,0,0,0,0,
145,0,0,0,0,
146,0,0,0,0,
147,0,0,0,0,
148,0,0,0,0,
149,0,0,0,0,
150,0,0,0,0,
151,0,0,0,0,
152,0,0,0,0,
153,0,0,0,0,
154,0,0,0,0,
155,0,0,0,0,
156,0,0,0,0,
157,0,0,0,0,
158,0,0,0,0,
159,0,0,0,0,
160,0,0,0,0,
161,0,0,0,0,
162,0,0,0,0,
163,0,0,0,0,
164,0,0,0,0,
165,0,0,0,0,
166,0,0,0,0,
167,0,0,0,0,
168,0,0,0,0,
169,0,0,0,0,
170,0,0,0,0,
171,0,0,0,0,
172,0,0,0,0,
173,0,0,0,0,
174,0,0,0,0,
175,0,0,0,0,
176,0,0,0,0,
177,0,0,0,0,
178,0,0,0,0,
179,0,0,0,0,
180,0,0,0,0,
181,0,0,0,0,
182,0,0,0,0,
183,0,0,0,0,
184,0,0,0,0,
185,0,0,0,0,
186,0,0,0,0,
187,0,0,0,0,
188,0,0,0,0,
189,0,0,0,0,
190,0,0,0,0,
191,0,0,0,0,
192,0,0,0,0,
193,0,0,0,0,
194,0,0,0,0,
195,0,0,0,0,
196,0,0,0,0,
197,0,0,0,0,
198,0,0,0,0,
199,0,0,0,0,
200,0,0,0,0,
201,0,0,0,0,
202,0,0,0,0,
203,0,0,0,0,
204,0,0,0,0,
205,0,0,0,0,
206,0,0,0,0,
207,0,0,0,0,
208,0,0,0,0,
209,0,0,0,0,
210,0,0,0,0,
211,0,0,0,0,
212,0,0,0,0,
213,0,0,0,0,
214,0,0,0,0,
215,0,0,0,0,
216,0,0,0,0,
217,0,0,0,0,
218,0,0,0,0,
219,0,0,0,0,
220,0,0,0,0,
221,0,0,0,0,
222,0,0,0,0,
223,0,0,0,0,
224,0,0,0,0,
225,0,0,0,0,
226,0,0,0,0,
227,0,0,0,0,
228,0,0,0,0,
229,0,0,0,0,
230,0,0,0,0,
231,0,0,0,0,
232,0,0,0,0,
233,0,0,0,0,
234,0,0,0,0,
235,0,0,0,0,
236,0,0,0,0,
237,0,0,0,0,
238,0,0,0,0,
239,0,0,0,0,
240,0,0,0,0,
241,0,0,0,0,
242,0,0,0,0,
243,0,0,0,0,
244,0,0,0,0,
245,0,0,0,0,
246,0,0,0,0,
247,0,0,0,0,
248,0,0,0,0,
249,0,0,0,0,
250,0,0,0,0,
251,0,0,0,0,
252,0,0,0,0,
253,0,0,0,0,
254,0,0,0,0,
255,0,0,0,0,

Img 9
0,877899,877899,877899,877899,
1,877898,877898,877898,877895,
2,877892,877892,877892,877887,
3,877889,877889,877891,877881,
4,877889,877889,877891,877881,
5,877882,877882,877883,877873,
6,877881,877880,877882,877869,
7,877875,877874,877875,877862,
8,877873,877873,877875,877856,
9,877869,877867,877871,877843,
10,877867,877864,877869,877814,
11,877864,877864,877866,877685,
12,877859,877856,877859,877629,
13,877859,877856,877859,877629,
14,877855,877821,877857,877583,
15,877854,877328,877855,877527,
16,877851,875921,877853,877491,
17,877846,873429,877850,877407,
18,877846,871765,877848,877395,
19,877843,869982,877847,877019,
20,877839,867818,877843,876530,
21,877837,866228,877843,876037,
22,877837,866228,877843,876037,
23,877837,864322,877842,875263,
24,877834,863796,877838,875102,
25,877833,862415,877835,874129,
26,877830,861131,877834,873762,
27,877825,859983,877828,873255,
28,877823,859041,877828,872947,
29,877821,858776,877826,872886,
30,877819,857845,877822,872601,
31,877819,857577,877821,872538,
32,877815,856447,877820,872292,
33,877812,855417,877818,871949,
34,877812,855011,877815,871713,
35,877812,854607,877815,871570,
36,877809,854112,877811,871192,
37,877807,853873,877811,870854,
38,877806,853309,877806,870039,
39,877804,853128,877805,869493,
40,877803,852756,877803,868283,
41,877803,852466,877803,866760,
42,877798,852071,877799,865713,
43,877796,851696,877773,864641,
44,877795,851574,877769,864483,
45,877793,851283,877675,863628,
46,877793,850929,877561,862736,
47,877793,850568,877451,861967,
48,877787,850211,877309,861208,
49,877787,850113,877263,861129,
50,877786,849837,877118,860305,
51,877784,849485,876990,859678,
52,877781,849207,876817,859216,
53,877781,848850,876629,858549,
54,877779,848476,876462,857864,
55,877778,848129,876292,857203,
56,877777,848010,876203,856803,
57,877775,847693,876048,856365,
58,877774,847327,875858,855577,
59,877772,847011,875721,855105,
60,877768,846670,875623,854647,
61,877766,846246,875459,854070,
62,877765,845881,875297,853600,
63,877764,845391,875136,852987,
64,877762,845249,875045,852640,
65,877760,844702,874898,852074,
66,877760,844160,874754,851634,
67,877759,843762,874662,851238,
68,877753,843192,874504,850655,
69,877750,842556,874338,850055,
70,877747,841960,874186,849583,
71,877742,841270,874040,849026,
72,877738,840527,873861,848383,
73,877728,839998,873771,847997,
74,877720,839206,873620,847429,
75,877716,838712,873460,846736,
76,877698,837903,873352,846062,
77,877670,836787,873121,845135,
78,877632,835680,872990,844239,
79,877593,834345,872825,843642,
80,877459,832461,872573,841906,
81,877311,830974,872367,841335,
82,876989,828637,872019,840089,
83,876515,826625,871626,839028,
84,875924,824637,871216,838159,
85,875164,821998,870631,836880,
86,874199,819027,869953,835534,
87,873065,815814,869324,834086,
88,871804,812086,868778,832430,
89,870804,809451,868217,830799,
90,869262,805242,867515,828954,
91,867852,801323,866742,827506,
92,866121,796588,865704,825438,
93,865301,793960,865158,824130,
94,863447,789092,863851,822012,
95,861149,782938,862248,819396,
96,858498,775821,860385,816126,
97,855147,767558,858047,811691,
98,851261,759237,855604,806204,
99,846632,749265,852410,798884,
100,841422,738667,848989,787676,
101,835226,727655,844733,772015,
102,830559,717987,840643,758373,
103,822328,708465,834851,740668,
104,809175,698163,826824,724874,
105,799625,688968,821180,715851,
106,783690,676140,812301,705099,
107,765931,660304,801285,692796,
108,748023,643362,788602,684882,
109,726757,621516,771846,669013,
110,701275,597940,752916,650557,
111,683868,583662,740858,635893,
112,656162,558976,720776,614902,
113,630046,535201,701870,597810,
114,602044,509781,678101,575810,
115,576320,486784,655480,554566,
116,552081,466243,630845,534469,
117,528160,447020,603976,511343,
118,508738,430680,580915,487676,
119,469232,406253,553654,455634,
120,436618,378974,526932,424651,
121,405793,348288,499502,394711,
122,373895,312487,468206,364404,
123,344961,279280,433227,334472,
124,303067,241855,396224,305960,
125,261459,205545,361286,274795,
126,219575,170080,327972,243055,
127,187480,139306,297087,212844,
128,158242,105961,265457,184487,
129,131985,79841,235338,155845,
130,108721,57213,208660,125840,
131,86440,37097,184330,99637,
132,64268,25029,165199,78496,
133,43717,16865,148230,59519,
134,26798,12860,130261,40125,
135,16288,10753,110547,24052,
136,11316,10026,93398,16827,
137,10082,9632,76546,13507,
138,9747,9296,60882,12646,
139,9446,8965,45250,12118,
140,9174,8684,39008,11807,
141,8901,8384,34185,11544,
142,8631,8080,29418,11256,
143,8331,7757,24438,10943,
144,8061,7419,21504,10639,
145,7801,7077,20027,10302,
146,7502,6713,19413,9972,
147,7154,6344,18794,9630,
148,6907,5970,18286,9353,
149,6503,5616,17638,8979,
150,6241,5339,17062,8649,
151,5870,5039,16492,8314,
152,5492,4735,15920,8002,
153,5190,4497,15508,7692,
154,4857,4203,15023,7389,
155,4489,3923,14488,7041,
156,4146,3643,13943,6701,
157,3861,3295,13366,6347,
158,3612,3014,12989,6099,
159,3354,2681,12439,5740,
160,3129,2407,11967,5454,
161,2890,2187,11493,5166,
162,2719,1996,11047,4876,
163,2537,1797,10606,4584,
164,2361,1550,10133,4262,
165,2186,1397,9625,3875,
166,2014,1251,9179,3556,
167,1862,1084,8723,3235,
168,1660,959,8267,2889,
169,1519,857,7805,2540,
170,1371,743,7281,2145,
171,1243,662,6777,1828,
172,1105,574,6161,1573,
173,1001,500,5545,1346,
174,886,440,4914,1129,
175,810,383,4390,953,
176,727,335,3767,799,
177,665,295,3223,679,
178,601,262,2697,524,
179,540,216,2219,417,
180,484,192,1843,332,
181,421,157,1428,230,
182,387,128,1122,168,
183,359,106,855,116,
184,348,83,670,55,
185,322,62,505,27,
186,308,50,357,7,
187,291,40,212,1,
188,267,35,123,0,
189,244,27,65,0,
190,234,24,42,0,
191,220,20,29,0,
192,201,16,18,0,
193,183,13,11,0,
194,170,9,5,0,
195,157,5,3,0,
196,144,4,0,0,
197,130,1,0,0,
198,115,0,0,0,
199,94,0,0,0,
200,77,0,0,0,
201,64,0,0,0,
202,54,0,0,0,
203,29,0,0,0,
204,20,0,0,0,
205,12,0,0,0,
206,7,0,0,0,
207,3,0,0,0,
208,1,0,0,0,
209,0,0,0,0,
210,0,0,0,0,
211,0,0,0,0,
212,0,0,0,0,
213,0,0,0,0,
214,0,0,0,0,
215,0,0,0,0,
216,0,0,0,0,
217,0,0,0,0,
218,0,0,0,0,
219,0,0,0,0,
220,0,0,0,0,
221,0,0,0,0,
222,0,0,0,0,
223,0,0,0,0,
224,0,0,0,0,
225,0,0,0,0,
226,0,0,0,0,
227,0,0,0,0,
228,0,0,0,0,
229,0,0,0,0,
230,0,0,0,0,
231,0,0,0,0,
232,0,0,0,0,
233,0,0,0,0,
234,0,0,0,0,
235,0,0,0,0,
236,0,0,0,0,
237,0,0,0,0,
238,0,0,0,0,
239,0,0,0,0,
240,0,0,0,0,
241,0,0,0,0,
242,0,0,0,0,
243,0,0,0,0,
244,0,0,0,0,
245,0,0,0,0,
246,0,0,0,0,
247,0,0,0,0,
248,0,0,0,0,
249,0,0,0,0,
250,0,0,0,0,
251,0,0,0,0,
252,0,0,0,0,
253,0,0,0,0,
254,0,0,0,0,
255,0,0,0,0,

Img 10
0,921600,921600,921600,921600,
1,921600,921600,921600,921600,
2,921600,921600,921600,921600,
3,921600,921600,921600,921600,
4,921600,921600,921600,921600,
5,921600,921600,921600,921600,
6,921600,921600,921600,921600,
7,921600,921600,921600,921600,
8,921600,921600,921600,921600,
9,921600,921600,921600,921600,
10,921600,921600,921600,921600,
11,921600,921600,921600,921600,
12,921600,921600,921600,921600,
13,921600,921600,921600,921600,
14,921600,921600,921600,921600,
15,921600,921600,921600,921600,
16,921600,921600,921600,921600,
17,921600,921600,921600,921600,
18,921600,921600,921600,921600,
19,921600,921600,921600,921600,
20,921600,921600,921600,921600,
21,921600,921600,921600,921600,
22,921600,921600,921600,921600,
23,921600,921600,921600,921600,
24,921600,921600,921600,921600,
25,921600,921600,921600,921600,
26,921600,921600,921600,921600,
27,921600,921600,921600,921600,
28,921600,921600,921600,921600,
29,921600,921600,921600,921600,
30,921600,921600,921600,921600,
31,921600,921600,921600,921600,
32,921600,921600,921600,921600,
33,921600,921600,921600,921600,
34,921600,921600,921600,921600,
35,921600,921600,921600,921600,
36,921600,921600,921600,921600,
37,921600,921600,921600,921600,
38,921600,921600,921600,921600,
39,921600,921600,921600,921600,
40,921600,921600,921600,921600,
41,921600,921600,921600,921600,
42,921600,921600,921600,921600,
43,921600,921600,921600,921600,
44,921600,921600,921600,921600,
45,921600,921600,921600,921600,
46,921600,921600,921600,921600,
47,921600,921600,921600,921600,
48,921600,921600,921600,921600,
49,921600,921600,921600,921600,
50,921600,921600,921600,921600,
51,921600,921600,921600,921600,
52,921600,921600,921600,921600,
53,921600,921600,921600,921600,
54,921600,921600,921600,921600,
55,921600,921600,921600,921600,
56,921600,921600,921600,921600,
57,921600,921600,921600,921600,
58,921600,921600,921600,921600,
59,921600,921600,921600,921600,
60,921600,921600,921600,921600,
61,921600,921600,921600,921600,
62,921600,921600,921600,921600,
63,921600,921600,921600,921600,
64,921600,921600,921600,921600,
65,921600,921600,921600,921600,
66,921600,921600,921600,921600,
67,921600,921600,921600,921600,
68,921600,921600,921600,921600,
69,921600,921600,921600,921600,
70,921600,921600,921600,921600,
71,921600,921600,921600,921600,
72,921600,921600,921600,921600,
73,921600,921600,921600,921600,
74,921600,921600,921600,921600,
75,921600,921600,921600,921600,
76,921600,921600,921600,921600,
77,921600,921600,921600,921600,
78,921600,921600,921600,921600,
79,921600,921600,921600,921600,
80,921600,921600,921600,921600,
81,921600,921600,921600,921600,
82,921600,921600,921600,921600,
83,921600,921600,921600,921600,
84,921600,921600,921600,921600,
85,921600,921600,921600,921600,
86,921600,921600,921600,921600,
87,921600,921600,921600,921600,
88,921600,921600,921600,921600,
89,921600,921600,921600,921600,
90,921600,921600,921600,921600,
91,921600,921600,921600,921600,
92,921600,921600,921600,921600,
93,921600,921600,921600,921600,
94,921600,921600,921600,921600,
95,921600,921600,921600,921600,
96,921600,921600,921600,921600,
97,921600,921600,921600,921600,
98,921600,921600,921600,921600,
99,921600,921600,921600,921600,
100,921600,921600,921600,921600,
101,921600,921600,921600,921600,
102,921600,921600,921600,921600,
103,921600,921600,921600,921600,
104,921600,921600,921600,921600,
105,921600,921600,921600,921600,
106,921600,921600,921600,921600,
107,921600,921600,921600,921600,
108,921600,921600,921600,921600,
109,921600,921600,921600,921600,
110,921600,921600,921600,921600,
111,921600,921600,921600,921600,
112,921600,921600,921600,921600,
113,921600,921600,921600,921600,
114,921600,921600,921600,921600,
115,921600,921600,921600,921600,
116,921600,921600,921600,921600,
117,921600,921600,921600,921600,
118,921600,921600,921600,921600,
119,921600,921600,921600,921600,
120,921600,921600,921600,921600,
121,921595,921513,921600,921534,
122,920990,920105,920638,919783,
123,746621,790662,824561,877792,
124,346598,454940,522174,588684,
125,55214,71039,62853,64546,
126,43779,44459,43790,43867,
127,43756,44152,43755,43757,
128,0,0,0,0,
129,0,0,0,0,
130,0,0,0,0,
131,0,0,0,0,
132,0,0,0,0,
133,0,0,0,0,
134,0,0,0,0,
135,0,0,0,0,
136,0,0,0,0,
137,0,0,0,0,
138,0,0,0,0,
139,0,0,0,0,
140,0,0,0,0,
141,0,0,0,0,
142,0,0,0,0,
143,0,0,0,0,
144,0,0,0,0,
145,0,0,0,0,
146,0,0,0,0,
147,0,0,0,0,
148,0,0,0,0,
149,0,0,0,0,
150,0,0,0,0,
151,0,0,0,0,
152,0,0,0,0,
153,0,0,0,0,
154,0,0,0,0,
155,0,0,0,0,
156,0,0,0,0,
157,0,0,0,0,
158,0,0,0,0,
159,0,0,0,0,
160,0,0,0,0,
161,0,0,0,0,
162,0,0,0,0,
163,0,0,0,0,
164,0,0,0,0,
165,0,0,0,0,
166,0,0,0,0,
167,0,0,0,0,
168,0,0,0,0,
169,0,0,0,0,
170,0,0,0,0,
171,0,0,0,0,
172,0,0,0,0,
173,0,0,0,0,
174,0,0,0,0,
175,0,0,0,0,
176,0,0,0,0,
177,0,0,0,0,
178,0,0,0,0,
179,0,0,0,0,
180,0,0,0,0,
181,0,0,0,0,
182,0,0,0,0,
183,0,0,0,0,
184,0,0,0,0,
185,0,0,0,0,
186,0,0,0,0,
187,0,0,0,0,
188,0,0,0,0,
189,0,0,0,0,
190,0,0,0,0,
191,0,0,0,0,
192,0,0,0,0,
193,0,0,0,0,
194,0,0,0,0,
195,0,0,0,0,
196,0,0,0,0,
197,0,0,0,0,
198,0,0,0,0,
199,0,0,0,0,
200,0,0,0,0,
201,0,0,0,0,
202,0,0,0,0,
203,0,0,0,0,
204,0,0,0,0,
205,0,0,0,0,
206,0,0,0,0,
207,0,0,0,0,
208,0,0,0,0,
209,0,0,0,0,
210,0,0,0,0,
211,0,0,0,0,
212,0,0,0,0,
213,0,0,0,0,
214,0,0,0,0,
215,0,0,0,0,
216,0,0,0,0,
217,0,0,0,0,
218,0,0,0,0,
219,0,0,0,0,
220,0,0,0,0,
221,0,0,0,0,
222,0,0,0,0,
223,0,0,0,0,
224,0,0,0,0,
225,0,0,0,0,
226,0,0,0,0,
227,0,0,0,0,
228,0,0,0,0,
229,0,0,0,0,
230,0,0,0,0,
231,0,0,0,0,
232,0,0,0,0,
233,0,0,0,0,
234,0,0,0,0,
235,0,0,0,0,
236,0,0,0,0,
237,0,0,0,0,
238,0,0,0,0,
239,0,0,0,0,
240,0,0,0,0,
241,0,0,0,0,
242,0,0,0,0,
243,0,0,0,0,
244,0,0,0,0,
245,0,0,0,0,
246,0,0,0,0,
247,0,0,0,0,
248,0,0,0,0,
249,0,0,0,0,
250,0,0,0,0,
251,0,0,0,0,
252,0,0,0,0,
253,0,0,0,0,
254,0,0,0,0,
255,0,0,0,0,

Img 11
0,921600,921600,921600,921600,
1,921600,921600,921600,921600,
2,921600,921600,921600,921600,
3,921600,921600,921600,921600,
4,921600,921600,921600,921600,
5,921600,921600,921600,921600,
6,921600,921600,921600,921600,
7,921600,921600,921600,921600,
8,921600,921600,921600,921600,
9,921600,921600,921600,921600,
10,921600,921600,921600,921600,
11,921600,921600,921600,921600,
12,921600,921600,921600,921600,
13,921600,921600,921600,921600,
14,921600,921600,921600,921600,
15,921600,921600,921600,921600,
16,921600,921600,921600,921600,
17,921600,921600,921600,921600,
18,921600,921600,921600,921600,
19,921600,921600,921600,921600,
20,921600,921600,921600,921600,
21,921600,921600,921600,921600,
22,921600,921600,921600,921600,
23,921600,921600,921600,921600,
24,921600,921600,921600,921600,
25,921600,921600,921600,921600,
26,921600,921600,921600,921600,
27,921600,921600,921600,921600,
28,921600,921600,921600,921600,
29,921600,921600,921600,921600,
30,921600,921600,921600,921600,
31,921600,921600,921600,921600,
32,921600,921600,921600,921600,
33,921600,921600,921600,921600,
34,921600,921600,921600,921600,
35,921600,921600,921600,921600,
36,921600,921600,921600,921600,
37,921600,921600,921600,921600,
38,921600,921600,921600,921600,
39,921600,921600,921600,921600,
40,921600,921600,921600,921600,
41,921600,921600,921600,921600,
42,921600,921600,921600,921600,
43,921600,921600,921600,921600,
44,921600,921600,921600,921600,
45,921600,921600,921600,921600,
46,921600,921600,921600,921600,
47,921600,921600,921600,921600,
48,921600,921600,921600,921600,
49,921600,921600,921600,921600,
50,921600,921600,921600,921600,
51,921600,921600,921600,921600,
52,921600,921600,921600,921600,
53,921600,921600,921600,921600,
54,921600,921600,921600,921600,
55,921600,921600,921600,921600,
56,921600,921600,921600,921600,
57,921600,921600,921600,921600,
58,921600,921600,921600,921600,
59,921600,921600,921600,921600,
60,921600,921600,921600,921600,
61,921600,921600,921600,921600,
62,921600,921600,921600,921600,
63,921600,921600,921600,921600,
64,921600,921600,921600,921600,
65,921600,921600,921600,921600,
66,921600,921600,921600,921600,
67,921600,921600,921600,921600,
68,921600,921600,921600,921600,
69,921600,921600,921600,921600,
70,921600,921600,921600,921600,
71,921600,921600,921600,921600,